# Scenario propttr_scenario
# distance at msg send, delivery time, hop count, MSG_ID
413.2268 230.9000 1 M9
1487.5362 620.8000 4 M1
323.0663 653.4000 4 M2
526.7974 208.3000 1 M21
832.9671 455.8000 3 M13
574.8428 924.5000 4 M4
121.8837 504.4000 1 M26
1313.2084 890.2000 1 M16
509.6421 1194.8000 3 M15
820.9003 516.6000 3 M41
325.0324 156.8000 3 M54
677.8902 1151.7000 3 M22
276.5440 482.8000 3 M47
1793.6029 1557.4000 1 M12
2161.7790 1219.1000 4 M24
1706.0142 1687.2000 2 M8
502.6696 392.6000 6 M55
179.4113 703.3000 4 M45
390.0172 354.5000 3 M57
1701.2590 611.1000 2 M53
1676.1584 948.3000 4 M42
270.9726 41.0000 1 M74
314.8679 511.8000 3 M61
331.0134 423.0000 2 M64
2184.6129 2221.8000 2 M5
1712.8952 2115.7000 3 M14
1568.2557 1152.2000 3 M49
1884.1445 1662.6000 6 M34
970.2306 1244.7000 7 M48
1455.8193 491.7000 2 M76
811.5027 1976.7000 4 M31
1578.3826 2599.0000 5 M10
860.9361 813.7000 2 M70
891.0153 1346.9000 5 M52
673.6029 1203.5000 4 M58
400.9264 464.2000 3 M85
2211.6689 1963.4000 6 M36
356.1470 971.1000 3 M69
1179.2833 656.3000 1 M81
862.8785 1423.0000 2 M59
2043.6579 2251.7000 4 M33
1578.2026 1947.8000 4 M43
1559.0654 2658.0000 3 M20
246.7411 454.0000 4 M94
1237.3958 2804.8000 2 M17
283.2912 46.5000 2 M109
685.6220 632.1000 3 M90
723.7961 1980.6000 2 M46
1521.9192 1471.6000 2 M63
210.7283 1155.7000 1 M79
936.7445 1053.1000 4 M88
1510.8147 566.4000 3 M104
899.3325 973.3000 3 M92
2357.1765 2976.0000 4 M29
2072.6878 1528.3000 5 M77
1750.2525 2151.6000 3 M56
1777.0801 2529.8000 4 M44
1480.2328 675.0000 4 M107
1003.2746 500.9000 4 M113
34.6007 652.4000 1 M110
778.3854 658.3000 4 M112
1648.6386 3362.1000 3 M23
970.0286 1877.4000 6 M72
969.3912 369.1000 4 M124
609.9049 1972.2000 7 M71
1748.4493 956.4000 5 M105
936.6272 2962.3000 7 M39
1748.0474 2136.1000 4 M67
1952.0695 1588.6000 3 M86
2575.4069 3985.8000 1 M6
271.1452 1134.1000 2 M103
358.1306 612.6000 4 M122
762.6991 1356.2000 5 M98
1338.5986 397.2000 3 M131
394.5007 820.4000 2 M117
1162.5587 1768.8000 7 M87
499.2054 2033.2000 6 M80
236.0640 268.6000 3 M141
820.4218 1343.1000 2 M106
1321.8945 1520.5000 3 M102
2352.9977 1866.3000 4 M91
3278.3691 3894.4000 2 M25
605.9893 322.1000 3 M145
1822.5419 201.1000 1 M150
620.5166 3590.8000 2 M37
547.8618 3865.1000 3 M28
1447.3853 623.6000 6 M137
442.6744 2674.8000 6 M68
1044.9376 716.2000 3 M134
1704.2261 596.7000 3 M140
1189.2627 436.1000 3 M147
1429.5241 4612.0000 3 M7
1845.2940 4292.2000 3 M18
2689.4527 1937.6000 5 M96
2180.2704 1909.8000 3 M97
1453.0309 1829.1000 5 M100
779.7124 1158.4000 4 M123
1393.4919 4756.0000 5 M3
974.2686 118.0000 3 M159
2018.5172 825.8000 4 M135
555.5255 463.0000 2 M148
321.0001 355.3000 4 M152
860.1836 1371.8000 2 M118
573.2701 1668.0000 4 M108
370.4466 1488.3000 5 M114
2246.7274 3947.5000 4 M38
1249.8429 1135.8000 1 M132
1673.6603 1023.0000 3 M136
1304.6550 689.1000 1 M151
742.1310 1555.8000 6 M121
1193.6000 2369.1000 2 M95
1371.7264 1566.6000 6 M130
1072.0366 844.7000 3 M158
1184.3897 1831.6000 3 M125
32.0040 10.7000 1 M188
1868.8327 889.9000 3 M161
1266.8235 3189.2000 2 M84
1696.9201 2137.4000 4 M119
2203.4447 2933.6000 4 M93
518.0839 851.7000 4 M164
1098.8613 563.8000 3 M176
2005.7166 692.1000 2 M172
1558.1995 4943.8000 7 M30
973.9788 4644.2000 4 M40
1515.0175 3217.1000 3 M89
1003.8700 4384.4000 3 M50
1347.5808 1099.8000 4 M162
935.3532 726.7000 5 M179
285.4204 1043.4000 9 M170
309.4322 520.5000 5 M190
1219.8280 510.7000 4 M191
621.8556 3953.9000 4 M75
1548.7137 292.0000 2 M199
219.9080 106.9000 3 M214
275.5451 59.0000 2 M217
3140.9357 1547.6000 2 M167
1574.6870 504.5000 4 M204
709.3112 5608.9000 4 M35
2152.4568 4207.0000 3 M83
2199.4054 2141.4000 4 M155
1745.9669 1983.0000 2 M166
713.5339 539.2000 3 M215
455.5457 1040.5000 2 M198
2618.3297 2751.7000 3 M142
461.8110 6037.8000 3 M32
1494.3542 5126.0000 1 M62
902.2062 5180.3000 4 M60
469.4615 143.2000 2 M232
548.7315 981.7000 5 M206
1384.4186 1005.6000 1 M208
1603.6147 1636.8000 2 M187
848.5706 1350.2000 6 M197
1460.4040 3627.2000 4 M120
685.2976 2671.4000 3 M153
1516.5934 2663.7000 4 M154
802.5489 825.4000 4 M219
2146.4803 3082.6000 6 M143
2804.9008 2151.8000 5 M174
415.7833 1386.0000 2 M201
1655.1956 1070.5000 5 M212
1185.5835 1767.2000 6 M192
579.0862 1578.6000 3 M200
453.0646 339.6000 3 M242
454.2964 322.9000 4 M243
1095.8518 2933.3000 2 M156
1455.0111 1751.8000 3 M196
2510.5962 1046.0000 2 M220
1580.8107 6793.3000 3 M27
1100.2690 5632.5000 3 M65
2155.8641 2201.2000 1 M181
1661.0838 4626.5000 2 M99
2706.2953 5653.5000 5 M66
1780.2726 365.9000 1 M245
1518.5075 3752.4000 5 M133
1620.4752 1437.8000 2 M213
1692.9593 2265.1000 4 M189
1470.8646 2792.3000 7 M171
1726.1083 1872.5000 4 M202
2148.1415 1244.2000 3 M225
1211.3814 2792.7000 3 M173
1134.1499 278.1000 4 M258
932.0824 1068.8000 3 M234
1838.9603 3360.4000 5 M157
380.0295 1480.7000 4 M221
1153.6243 1180.1000 3 M233
490.0470 519.9000 2 M255
410.1159 340.7000 2 M263
1006.7033 432.1000 4 M260
439.7466 77.1000 1 M273
1447.2485 824.3000 3 M247
1528.2943 3757.4000 6 M149
949.7652 5747.4000 4 M82
544.4768 4762.6000 4 M115
526.7856 4443.7000 4 M126
950.2751 1187.7000 3 M237
1896.8631 1391.0000 6 M231
564.7068 2211.2000 4 M203
2724.8656 4799.6000 4 M116
3235.0662 1617.9000 3 M227
329.5139 3452.1000 7 M165
1224.9993 2629.8000 5 M195
1707.3357 297.2000 1 M275
774.0902 590.1000 1 M265
1196.3236 2038.3000 3 M216
1780.2726 383.9000 3 M274
1630.5418 379.7000 2 M280
1811.8138 737.5000 3 M268
702.9359 254.9000 3 M286
443.2309 1580.6000 1 M241
2481.3321 957.9000 4 M262
854.4462 3493.7000 3 M177
703.1583 3756.4000 2 M169
1867.2630 641.2000 3 M279
2295.8803 535.4000 2 M284
1593.6976 2843.7000 3 M205
716.2324 1420.2000 4 M256
1817.7398 4723.6000 4 M146
1617.3726 2349.9000 3 M226
577.4822 644.8000 2 M285
1754.4200 4125.0000 3 M168
795.1350 2412.6000 4 M228
1275.4998 934.4000 4 M281
297.7528 2547.6000 2 M230
381.6802 3928.9000 5 M183
146.5181 19.3000 1 M316
1663.6340 661.3000 3 M295
1319.0202 1922.9000 2 M252
2872.0174 2794.5000 2 M223
971.5411 3916.7000 3 M186
391.9254 7914.0000 3 M51
1592.0550 1954.0000 3 M253
500.1899 4265.9000 3 M175
1320.4071 3799.6000 5 M193
367.0919 163.1000 2 M317
2048.7586 1602.7000 2 M270
1078.6412 3061.6000 2 M222
1381.8594 394.7000 3 M315
455.1277 621.2000 2 M310
1219.7228 1660.7000 3 M278
1133.8812 2475.0000 3 M250
2366.0855 1419.8000 3 M288
2483.7947 2030.1000 3 M267
760.8304 710.1000 3 M312
2020.2062 301.3000 1 M326
876.0364 2438.1000 3 M254
252.2679 1237.6000 4 M300
1373.9662 310.8000 3 M331
1675.5084 3884.6000 4 M210
2029.2001 1970.4000 6 M276
978.0472 3137.5000 3 M238
602.2084 4439.8000 6 M194
1509.1803 6353.1000 2 M129
1499.8213 8105.1000 5 M73
2053.0264 2498.0000 6 M264
1260.7361 2695.2000 3 M257
544.0040 141.5000 2 M344
874.1678 6223.7000 2 M139
2570.3332 1779.9000 2 M290
664.1867 4208.2000 8 M207
709.4519 3118.4000 6 M244
1595.9275 4908.2000 3 M184
2129.0651 4961.4000 7 M182
762.1512 866.5000 4 M323
603.2264 3833.1000 6 M224
294.2361 6697.4000 7 M127
1805.1026 3692.6000 2 M229
995.8736 2595.2000 4 M269
1313.0572 8251.6000 4 M78
692.0285 1742.7000 6 M301
1303.4178 5414.8000 7 M178
1559.2776 1654.0000 3 M306
3362.7120 3746.3000 3 M235
2161.0706 3595.1000 4 M240
1566.3065 3273.0000 2 M251
986.2655 4583.3000 5 M209
693.8637 482.9000 2 M349
1677.5697 1355.9000 1 M321
938.4845 1780.0000 4 M307
2861.4856 1753.2000 5 M308
1467.4104 3569.7000 4 M248
472.5456 558.6000 4 M352
1848.9933 1147.7000 6 M333
858.8497 1295.0000 3 M328
745.4849 764.8000 3 M347
2688.3847 904.6000 2 M345
1930.5866 501.0000 2 M359
2040.5144 1871.2000 2 M313
1788.5869 1657.1000 3 M324
1388.0636 3355.1000 5 M272
765.9022 1630.1000 2 M334
1156.6271 1908.3000 1 M325
528.4990 691.6000 3 M367
1572.6523 2671.7000 3 M302
2743.6403 1667.3000 3 M336
186.7213 78.6000 2 M390
2375.3447 3006.7000 5 M293
2100.4898 3327.0000 2 M282
1759.3262 1729.0000 6 M338
2358.8674 1076.7000 6 M361
587.7346 85.8000 1 M398
1189.7848 264.7000 4 M392
1321.5775 1247.5000 3 M360
1091.9374 919.7000 3 M371
418.6988 828.0000 5 M374
231.4434 191.3000 3 M396
1060.6196 2354.7000 3 M327
2327.1402 2862.0000 4 M311
1920.8093 3585.2000 5 M287
950.6599 4380.4000 6 M259
2022.8208 3291.7000 5 M297
1753.0823 277.1000 2 M400
2167.9793 4300.8000 6 M266
2351.0902 2437.1000 1 M330
2885.5601 3060.4000 4 M309
1313.2041 628.0000 2 M393
2330.4507 5083.6000 3 M246
1155.0626 2023.2000 6 M350
486.6131 815.4000 3 M391
1340.0850 1883.1000 2 M357
1787.3900 11916.4000 4 M19
2308.7752 9449.7000 2 M101
877.9645 1119.7000 4 M385
842.6991 460.5000 5 M408
895.0000 1841.7000 8 M363
2280.5178 7864.2000 1 M160
1137.2651 8823.1000 2 M128
213.2330 402.6000 2 M414
742.5844 1955.3000 2 M362
893.0968 324.0000 4 M419
1900.0370 1533.3000 7 M377
850.5028 1783.8000 4 M369
1484.3522 7879.0000 2 M163
878.3077 526.8000 1 M417
823.4669 7407.4000 2 M185
1554.0154 2878.8000 3 M340
1193.6579 9642.0000 3 M111
2616.5287 3550.9000 3 M319
744.1888 379.0000 1 M426
714.0115 1062.5000 3 M403
455.1277 553.2000 2 M422
476.6732 2953.6000 2 M341
421.3026 2240.9000 1 M365
1899.1981 3230.1000 6 M332
1161.8179 314.9000 4 M434
1459.7159 5428.4000 3 M261
2550.1022 3323.1000 6 M335
1405.1727 4469.8000 2 M298
1811.5488 443.5000 4 M437
1322.2542 4562.9000 3 M299
1507.3991 2326.0000 3 M376
815.5323 4782.7000 3 M296
1246.4391 4229.0000 3 M314
1131.8867 4131.4000 5 M318
1122.8640 2029.6000 3 M388
270.4719 27.4000 2 M459
1156.9578 4083.8000 7 M322
867.3981 3634.8000 3 M337
2381.3020 2823.5000 4 M366
1815.1740 2642.3000 4 M372
1617.6327 2463.5000 2 M378
2776.5245 3966.0000 7 M329
2475.2086 7460.6000 3 M211
2543.8651 2007.9000 3 M395
1553.1890 240.6000 1 M456
1449.1463 1391.9000 2 M418
952.3302 819.4000 3 M438
1265.1246 1196.6000 6 M425
1472.5052 746.2000 4 M441
1658.6405 289.7000 1 M458
261.6903 575.9000 3 M448
380.7822 3410.6000 4 M354
1138.9963 1179.8000 3 M430
1357.8287 2144.0000 4 M397
1755.6898 1880.6000 5 M409
286.4722 554.7000 3 M455
1335.5962 1083.6000 1 M440
301.7076 3835.8000 1 M348
1224.2095 5163.7000 3 M304
144.7100 342.9000 1 M468
911.2911 1637.3000 4 M424
1205.7116 4139.6000 5 M339
380.4745 3283.8000 4 M368
2546.3128 2352.2000 3 M401
1386.6514 1129.1000 5 M444
951.6501 683.9000 2 M462
1675.6204 779.1000 4 M461
1283.5284 205.8000 1 M483
674.9072 3080.2000 5 M386
696.7380 4176.8000 4 M351
663.1083 5558.0000 2 M305
869.0581 473.7000 3 M478
581.4021 252.8000 2 M495
1548.1376 3818.5000 4 M375
2788.2703 2922.8000 4 M406
1573.5610 2754.0000 5 M412
775.1371 3525.3000 2 M389
840.3671 3024.8000 3 M407
498.4465 629.0000 1 M489
482.6339 1353.2000 3 M467
1140.3262 2958.1000 2 M413
143.5508 3146.1000 4 M410
1692.3641 2203.3000 1 M442
654.5388 4250.1000 2 M373
757.9133 4090.9000 1 M379
39.8563 4383.8000 6 M370
732.5061 304.2000 2 M509
2211.0949 1971.5000 4 M453
81.6324 817.8000 4 M492
1573.2318 658.4000 4 M498
2252.5275 1766.0000 2 M463
2755.2713 2453.3000 2 M439
3134.3182 3508.3000 4 M405
1520.2257 2043.0000 3 M457
824.9535 3657.6000 7 M404
1952.3795 4393.2000 2 M381
1304.7910 1769.8000 6 M475
1637.6904 4426.0000 5 M384
971.3933 4549.0000 4 M380
1765.4554 1955.2000 4 M469
2520.7251 3150.5000 3 M428
1693.0814 2229.8000 3 M464
1588.9409 3424.0000 4 M423
995.4483 511.4000 3 M524
2279.0796 4645.7000 4 M383
1390.6360 3726.0000 5 M415
1969.0219 2082.2000 4 M471
812.1699 4100.5000 3 M402
1431.7104 637.8000 3 M520
1830.0609 600.3000 2 M522
295.8968 168.7000 1 M537
741.9455 9104.5000 2 M239
2642.9869 6025.7000 3 M343
1512.0291 7827.9000 4 M283
424.2239 9196.1000 3 M236
1553.0984 3825.0000 3 M420
786.5025 5725.2000 6 M355
2011.9677 2280.9000 3 M473
1990.7705 3415.1000 2 M435
1372.4153 3387.4000 5 M436
1099.2449 1126.1000 4 M513
1935.5713 945.1000 4 M521
187.2406 170.7000 2 M548
1330.0530 5085.0000 4 M382
1130.8495 3620.7000 4 M433
1386.7345 2356.0000 3 M476
638.3714 3330.3000 6 M443
223.3382 2129.6000 3 M484
1945.3248 2495.8000 4 M474
1209.3517 701.1000 4 M539
1987.7074 2951.2000 4 M465
1156.2136 1736.3000 3 M506
744.8485 1120.2000 1 M533
1922.6660 3686.3000 2 M446
1253.0830 3654.5000 3 M447
161.8289 4567.8000 9 M416
1583.5542 3501.0000 3 M452
2505.1771 3560.2000 6 M450
1900.0091 2322.4000 2 M493
44.5827 3624.5000 5 M449
1153.0665 2710.5000 3 M481
1083.0235 5459.1000 2 M387
2055.3010 4194.2000 3 M432
262.1202 2342.5000 6 M496
817.5544 1184.1000 6 M536
720.0277 2616.2000 5 M491
185.5587 325.5000 3 M570
2076.4104 601.8000 5 M561
1619.2211 1838.2000 2 M519
293.8392 960.5000 1 M549
1836.9685 7742.7000 2 M320
514.3277 875.2000 3 M553
1064.1394 2399.5000 4 M501
864.5276 502.5000 2 M568
653.2533 334.8000 1 M574
286.4722 797.1000 3 M558
1987.2096 978.0000 5 M554
1057.9000 3922.2000 8 M454
568.6226 9145.5000 4 M277
1141.9386 1452.6000 4 M540
1501.9512 1895.4000 2 M527
1234.2360 2763.7000 4 M497
2540.5933 1052.1000 3 M556
814.9295 3138.9000 4 M485
2592.2691 2276.5000 4 M517
537.4230 474.8000 3 M579
1982.8965 251.8000 4 M589
1979.6620 5191.9000 4 M421
288.3955 1071.1000 7 M562
665.7208 105.2000 2 M596
871.3021 1579.5000 2 M546
797.1855 1891.7000 2 M535
683.2625 2767.2000 4 M505
1161.3477 4540.4000 3 M445
593.5209 5034.0000 5 M431
434.5840 5152.1000 3 M427
906.7524 2680.2000 4 M511
912.3628 1249.4000 7 M560
1742.9618 1770.9000 5 M543
1312.8044 849.5000 2 M575
645.3272 378.8000 2 M591
829.9800 178.0000 2 M598
1154.9028 2001.9000 4 M538
966.0585 2814.3000 7 M514
1910.6868 2409.0000 3 M532
897.1715 4026.7000 5 M477
629.7402 97.4000 2 M611
596.5696 3146.6000 2 M507
1892.0815 3735.9000 2 M487
2256.6934 1855.2000 3 M552
1804.1013 2040.4000 2 M547
879.7743 3160.6000 2 M516
849.1478 207.4000 4 M617
981.2790 2448.3000 3 M541
1231.4963 1774.9000 4 M565
1114.8155 3677.2000 3 M502
1278.3880 214.3000 3 M621
1820.0164 653.6000 4 M608
171.5690 2365.3000 3 M550
276.5686 108.5000 1 M627
2060.5710 4384.5000 3 M482
1353.6331 3130.1000 1 M525
940.1270 1983.4000 1 M564
1480.8782 983.5000 3 M600
1527.0995 1072.8000 4 M597
1077.8415 1219.1000 3 M592
625.0569 2841.3000 4 M542
949.4431 1564.3000 5 M586
943.6432 2411.4000 4 M557
815.0826 299.0000 4 M630
945.9808 1338.2000 2 M595
147.5392 1502.5000 4 M590
1381.8903 4051.6000 4 M503
2434.3507 1170.0000 4 M604
1282.1735 839.2000 3 M615
1715.8424 564.8000 3 M626
1601.9709 369.2000 4 M634
2023.5041 653.7000 4 M625
1395.2115 6416.0000 4 M429
1434.9944 1590.7000 2 M594
791.0759 4302.9000 6 M508
2472.0584 2002.1000 3 M587
1262.1785 462.4000 2 M640
670.1323 4744.9000 7 M494
2414.5387 9233.0000 2 M346
1002.6803 2603.0000 4 M573
1660.6523 3427.3000 2 M545
1222.4579 1158.0000 3 M624
782.8788 566.4000 5 M645
1185.0049 494.4000 1 M649
2314.6619 470.6000 3 M650
961.9044 600.9000 2 M646
1291.1720 3040.2000 3 M563
1295.4153 739.6000 3 M644
1123.2377 4325.4000 3 M523
2648.5018 4875.7000 2 M504
1793.4531 5506.1000 1 M486
900.3818 917.8000 2 M643
1692.2987 311.7000 1 M664
1531.9205 1579.4000 3 M622
1709.3015 1554.7000 4 M623
2474.4343 9587.3000 7 M353
264.7987 4920.6000 4 M512
1692.6863 3988.9000 3 M544
1155.5291 2854.1000 2 M583
1892.7557 123.9000 2 M675
1545.3829 1390.1000 4 M633
176.0395 3806.4000 3 M551
273.1712 1913.8000 3 M616
1191.7534 1622.4000 2 M628
1722.5709 1593.7000 3 M629
1196.5556 2828.7000 3 M588
1227.8102 6000.5000 2 M480
1803.7434 9625.9000 4 M358
673.7850 4730.2000 3 M526
789.3928 1448.7000 2 M638
1598.8324 2271.9000 4 M610
989.4721 6399.7000 1 M470
1017.8459 5067.9000 3 M515
955.8516 5860.2000 3 M488
1590.4917 3030.4000 3 M585
1389.9989 1192.4000 3 M648
1172.2303 3658.4000 1 M566
428.4987 904.4000 3 M661
1354.4244 750.7000 3 M666
1609.6406 3512.1000 4 M577
648.0844 5468.2000 2 M510
2493.1052 4776.4000 1 M534
1279.7898 387.6000 3 M683
882.5878 2725.2000 5 M607
649.2234 1778.5000 1 M639
1731.0113 4182.2000 6 M559
1330.9654 5905.4000 4 M500
1430.8966 6929.7000 6 M466
1475.3705 5932.0000 2 M499
1679.5057 3950.2000 4 M567
1882.4671 3662.3000 3 M578
1178.5245 900.8000 2 M671
545.7801 634.4000 3 M681
1298.9668 3162.0000 3 M599
1057.5987 3872.5000 6 M580
2119.9767 8823.8000 6 M411
640.1786 774.1000 4 M684
1091.7567 1494.1000 4 M662
890.8425 12421.3000 2 M292
1903.5485 1716.0000 3 M656
781.1100 1330.6000 2 M669
532.3096 751.5000 2 M689
231.4581 2369.7000 2 M635
1827.3413 11075.9000 4 M342
1525.7553 7135.8000 2 M479
1441.9620 2430.7000 5 M641
1275.4085 4488.8000 3 M576
1645.2388 649.5000 3 M706
1141.2625 1020.7000 3 M693
1084.0786 2032.8000 5 M667
1260.0777 509.6000 2 M719
526.5716 100.0000 2 M734
886.2564 1971.0000 3 M673
1727.2877 895.3000 3 M710
956.1961 2311.0000 6 M663
1652.2804 4661.3000 5 M584
1251.7877 4046.6000 3 M606
1372.9120 4760.5000 2 M582
1800.9784 2673.4000 4 M653
799.7897 1398.7000 2 M696
496.1718 2050.5000 2 M674
1218.5120 800.6000 3 M718
1469.3528 429.4000 2 M732
2686.0994 3798.4000 1 M619
638.9114 2705.6000 4 M659
1618.6311 214.3000 2 M745
923.9335 1854.6000 5 M690
623.2338 4388.9000 4 M605
2145.3311 4485.0000 2 M603
2416.7185 788.9000 3 M728
324.7052 8377.1000 5 M472
2199.4498 2657.0000 5 M672
197.5193 127.3000 2 M758
1746.4033 1221.2000 3 M725
1472.8548 3575.0000 2 M647
1523.3565 3187.3000 4 M660
1581.4911 2054.5000 4 M698
1929.0872 7041.7000 3 M531
651.1590 144.6000 3 M766
1376.4729 2730.6000 7 M679
2521.2621 4197.9000 5 M632
1440.3801 5452.6000 4 M593
829.0940 1092.1000 2 M741
712.0946 5486.4000 3 M601
2149.3489 4613.1000 3 M631
1098.4441 5187.5000 5 M614
1073.3846 5251.8000 4 M613
370.0065 519.9000 3 M773
872.2088 2922.4000 7 M692
1460.1302 4580.3000 5 M637
816.1504 2875.5000 7 M694
1561.4155 3749.8000 2 M665
942.8807 2748.5000 2 M699
1250.4637 9835.2000 6 M460
772.5256 2888.5000 5 M695
1343.2641 1441.9000 4 M746
1254.2457 5529.3000 3 M609
1925.4895 1603.0000 1 M742
1342.8887 1987.6000 2 M730
893.8113 2904.6000 2 M700
1859.4342 2673.0000 3 M709
1185.0848 3640.7000 5 M676
981.0946 2490.0000 4 M716
989.9896 2299.3000 5 M722
1597.0854 7974.7000 3 M530
2560.3106 1207.7000 3 M762
1881.4066 557.3000 4 M785
1739.0724 2300.5000 3 M727
1504.1510 619.9000 1 M783
1885.3930 1265.4000 2 M763
1935.0998 4021.0000 2 M670
2340.9006 4495.8000 4 M655
517.0298 945.0000 3 M775
377.5033 279.0000 2 M798
1851.4119 4678.5000 4 M652
1067.5420 1746.2000 3 M751
530.1727 3062.4000 4 M707
1480.1312 2584.7000 5 M723
1169.9679 765.3000 4 M787
2263.2433 2263.6000 1 M737
1183.4757 5086.9000 8 M642
2382.5463 1669.4000 3 M760
1670.4710 267.7000 3 M807
2422.8480 3087.3000 3 M714
804.4704 1105.5000 3 M780
959.2495 12340.6000 1 M399
1013.0203 1857.0000 4 M756
599.9134 3204.3000 3 M711
1012.4188 220.2000 2 M813
1266.8132 3068.4000 2 M721
818.3637 4094.9000 2 M686
874.1545 4967.1000 4 M658
2197.1828 2142.7000 4 M754
1332.9418 3639.4000 4 M704
2087.4717 3665.7000 7 M703
1651.6779 2380.4000 3 M747
1172.6450 1865.3000 2 M767
1339.7356 354.6000 2 M817
1022.4354 1293.2000 4 M786
1364.8923 1180.3000 4 M793
1260.1689 1482.0000 2 M784
2110.0079 2507.5000 4 M750
2353.4388 3616.9000 7 M713
2392.4184 4385.4000 4 M687
1714.3419 9106.4000 2 M529
1699.0709 3000.7000 3 M739
2219.6796 2897.9000 3 M744
1183.1937 4850.4000 2 M678
1705.4503 1701.4000 6 M788
735.7376 402.9000 3 M831
1145.3267 4181.4000 3 M708
2472.5577 2391.7000 2 M768
516.2425 1566.0000 2 M795
1938.0171 1457.3000 1 M799
1418.5842 4391.6000 4 M701
203.4007 4680.9000 3 M691
547.4990 912.3000 2 M818
1409.9327 466.6000 1 M832
898.2726 2194.3000 4 M779
750.0316 944.5000 3 M820
2419.8005 3612.9000 4 M733
1306.0409 804.3000 3 M826
1739.1396 283.3000 3 M844
1239.5320 1175.6000 6 M816
1392.9500 2347.4000 5 M778
843.3294 2654.8000 5 M770
171.7889 600.3000 3 M839
1451.0682 230.0000 2 M852
1572.1908 179.8000 2 M855
771.1011 1727.4000 4 M806
1574.7752 5611.6000 4 M677
342.4779 1871.8000 3 M803
686.6370 3257.1000 4 M757
1031.9262 6852.3000 2 M636
2138.6465 1076.9000 1 M830
1811.7677 11246.6000 2 M490
891.8271 1796.9000 4 M809
1806.0545 1796.5000 3 M810
1526.4671 3719.8000 2 M748
655.9120 5081.1000 3 M702
1377.7048 4797.4000 1 M712
564.4385 6594.6000 4 M651
1143.3967 1579.8000 3 M819
1123.4959 574.5000 2 M856
1322.5645 4775.2000 4 M717
3127.7500 3063.5000 4 M774
1377.9915 2207.3000 2 M804
1005.6038 9151.4000 1 M571
1497.9054 2699.2000 2 M790
2704.1741 4518.2000 2 M731
100.7321 218.8000 1 M875
1041.0637 2121.3000 2 M815
227.9432 2658.6000 4 M797
429.0294 527.8000 3 M869
821.2172 670.7000 3 M865
2875.1000 1198.9000 4 M848
1618.3728 4418.3000 3 M743
2189.7013 2982.9000 4 M791
348.2430 140.9000 2 M887
596.5322 4165.2000 3 M752
2055.2960 1859.0000 3 M829
1603.3429 9607.2000 5 M569
304.6680 1446.2000 2 M845
1413.2960 266.0000 3 M886
1257.8178 1719.7000 3 M837
1311.2563 7137.0000 4 M657
1239.9356 1719.8000 5 M840
491.2923 6513.9000 3 M680
1984.2623 1078.1000 3 M863
847.5304 2249.3000 4 M824
278.9312 1360.6000 3 M854
1130.0649 4944.7000 5 M735
1107.5957 3248.8000 3 M792
188.4182 3126.5000 5 M796
1204.2546 1159.8000 4 M862
713.2064 690.1000 3 M878
1011.7514 2340.4000 4 M822
133.3188 165.4000 2 M896
475.5924 6349.7000 3 M688
1432.2436 3265.6000 5 M794
117.1803 12.6000 1 M904
941.6949 11195.3000 3 M528
1743.9063 3074.7000 3 M802
2120.8091 3718.3000 5 M781
736.8641 757.6000 3 M880
2934.2716 2805.8000 3 M811
1008.1893 1457.9000 4 M860
1394.0264 2248.4000 3 M833
1207.0780 355.9000 3 M899
1441.7066 7631.2000 3 M654
639.5013 4205.2000 4 M771
821.6789 15333.4000 1 M394
0.0000 0.3000 1 M913
1668.9270 13902.6000 2 M451
2276.8409 3426.8000 4 M805
1032.5399 2185.8000 4 M846
1241.4780 5986.3000 2 M720
1762.6472 644.5000 4 M900
1992.2255 5006.2000 2 M755
2986.5175 3221.5000 2 M814
2911.3104 10440.8000 4 M572
1116.1583 591.3000 1 M905
1427.0472 1668.6000 2 M868
1810.3854 2615.1000 3 M836
1836.6515 6021.3000 3 M724
1367.2687 1012.1000 2 M892
552.6067 4448.4000 3 M777
454.7070 297.7000 4 M924
1428.7808 9926.3000 3 M602
2816.9944 2371.0000 3 M859
1543.1566 526.3000 3 M922
333.9284 2023.6000 3 M871
835.1456 1348.0000 2 M895
1129.0988 2754.1000 4 M847
2307.5044 2003.3000 4 M874
2389.1290 5783.4000 6 M749
73.4869 11.1000 1 M948
1694.5427 1347.3000 4 M903
90.4119 479.0000 3 M933
759.5498 415.7000 1 M936
1590.3858 2094.7000 7 M879
3381.0465 3640.1000 2 M827
2303.9178 4662.8000 4 M800
1017.3847 1440.7000 3 M909
1177.7862 5920.5000 5 M759
783.2200 5620.8000 5 M769
509.9699 2939.1000 3 M858
2021.6918 7006.5000 4 M726
797.0724 1146.4000 3 M926
2203.2232 982.3000 4 M932
1796.7329 2449.5000 5 M882
847.6158 2010.6000 5 M898
960.3506 6077.3000 3 M764
1432.3400 3900.6000 3 M835
1717.1007 4340.8000 6 M821
353.1277 5713.0000 6 M776
2849.1539 2375.3000 3 M888
1786.1466 3507.0000 6 M853
1554.3751 4837.7000 2 M812
376.0562 3284.9000 2 M864
1995.7550 4360.2000 3 M828
816.3760 943.4000 5 M945
1927.4245 1177.7000 2 M937
1627.2493 3931.9000 8 M843
1170.9293 2867.4000 1 M881
654.6324 6738.0000 4 M753
1399.2505 1891.3000 6 M917
295.6463 3873.7000 3 M850
343.4622 2693.8000 5 M891
1184.3998 2237.8000 6 M907
1638.8162 1755.2000 3 M927
2017.6466 3392.1000 5 M872
1638.6291 3465.7000 5 M873
1334.8506 1060.2000 4 M959
2264.1133 2775.5000 2 M901
1188.3121 2473.4000 5 M912
1263.6942 5034.7000 3 M825
524.8313 1957.6000 3 M930
1230.4140 4085.9000 6 M857
484.9851 2217.2000 2 M921
499.0072 2170.9000 4 M923
388.2721 500.5000 2 M979
2103.0527 6163.6000 4 M789
2992.5761 8073.9000 4 M729
989.6444 1411.2000 5 M953
1094.7278 1515.5000 6 M950
1413.1917 2417.8000 3 M919
897.3892 2651.0000 3 M911
1699.3193 2679.2000 2 M910
1876.1405 4739.3000 6 M841
1877.9522 3422.5000 6 M889
2194.2126 2868.9000 4 M908
1709.4914 6074.8000 3 M801
314.8679 229.1000 1 M998
644.5245 3868.5000 3 M876
676.7766 1518.7000 5 M956
178.9932 3457.2000 2 M890
870.8811 1056.9000 3 M973
1353.2459 4097.1000 1 M870
498.8045 3321.7000 6 M897
1332.1845 1454.6000 2 M961
2173.6617 6771.8000 5 M782
1746.5665 4941.0000 3 M842
539.7502 7076.1000 5 M772
1306.3242 877.6000 4 M980
1235.4760 2919.9000 4 M914
1525.6165 1997.7000 4 M949
1499.7644 3928.0000 3 M883
418.0097 868.6000 1 M988
3348.8826 912.5000 4 M987
856.7700 1010.6000 3 M985
1822.9932 1468.9000 4 M970
958.7858 5509.7000 7 M834
969.1736 3066.0000 3 M918
2059.5692 3816.0000 4 M893
479.8663 2245.9000 4 M947
2282.3885 3794.1000 4 M894
723.1284 1318.3000 2 M977
1953.7429 2471.5000 4 M943
1099.8070 12287.8000 3 M612
519.8924 4447.4000 5 M877
1375.4654 1911.7000 3 M963
1012.7015 885.1000 4 M997
740.4488 423.4000 2 M1013
809.0840 620.4000 2 M1007
1873.5072 6105.9000 3 M823
2203.4969 3661.2000 6 M906
957.0266 3787.5000 5 M902
2734.5128 1519.8000 2 M978
1807.2573 2147.5000 3 M958
1353.2556 1824.0000 4 M971
646.4681 839.4000 3 M1004
1030.7180 1276.4000 3 M993
1269.7936 2038.7000 6 M968
156.4898 69.8000 1 M1034
960.0779 5545.6000 5 M851
1632.9514 645.5000 2 M1018
896.6954 2228.7000 5 M967
544.0040 423.6000 4 M1028
63.6782 92.0000 2 M1040
1959.0298 2730.7000 3 M952
2021.0552 559.0000 3 M1024
283.1156 270.3000 3 M1037
994.7046 776.4000 3 M1020
1497.7670 499.2000 2 M1030
1064.5613 3274.7000 5 M941
1651.3120 10281.2000 3 M705
1611.9072 1025.6000 2 M1017
964.6054 1813.9000 3 M991
1409.4264 1141.2000 3 M1014
1337.1918 493.5000 2 M1036
789.0783 2640.1000 1 M969
1546.9646 3793.6000 1 M931
2271.3908 449.0000 1 M1043
174.1271 1107.8000 6 M1021
2051.6116 2295.1000 5 M982
1169.0831 841.3000 1 M1031
2087.6837 3639.6000 3 M940
1497.9620 3700.9000 4 M938
1852.2613 2242.2000 1 M986
260.1022 645.3000 3 M1041
1211.6603 11308.8000 4 M685
267.8998 3427.1000 4 M951
767.0929 4265.0000 6 M925
1001.3721 513.8000 4 M1051
1225.5080 3671.9000 2 M946
1962.1366 3088.1000 2 M966
1097.3080 2066.3000 5 M1000
1083.9118 964.3000 2 M1039
1362.0451 2876.5000 2 M975
705.1054 3222.7000 6 M964
1627.3424 900.8000 2 M1042
1083.2021 628.2000 3 M1052
1635.8288 2494.7000 2 M992
681.2294 4799.6000 3 M915
2372.1523 3050.7000 4 M976
837.7558 1719.1000 3 M1022
1488.2587 1951.1000 5 M1015
1701.1436 2939.6000 1 M983
1572.8074 360.2000 4 M1071
109.5879 2632.0000 5 M996
1556.3199 2063.9000 3 M1016
611.4122 681.2000 4 M1063
1162.7491 880.6000 7 M1057
1585.1378 4263.8000 4 M944
782.9221 49.0000 1 M1085
232.5671 1106.3000 4 M1050
723.4455 963.6000 4 M1055
2439.2718 4059.4000 5 M955
727.9116 282.4000 4 M1083
7.9345 0.3000 1 M1093
735.7340 3776.4000 4 M972
2719.5853 4402.0000 1 M954
2557.7005 1928.9000 3 M1038
642.5026 1207.0000 2 M1062
1677.4214 450.6000 3 M1090
3403.1789 3722.3000 3 M981
1603.7137 869.3000 5 M1077
100.9057 7968.2000 3 M838
220.2399 212.4000 2 M1100
147.3194 878.5000 2 M1078
1552.9525 2874.8000 4 M1012
1083.7542 5730.0000 4 M916
1405.8110 4439.3000 3 M960
711.6637 5356.6000 5 M929
655.5629 375.8000 4 M1096
2811.8424 1315.6000 3 M1065
914.2108 3431.9000 5 M994
1290.5028 1509.6000 3 M1059
1055.9987 1082.8000 2 M1073
1042.4008 686.0000 2 M1087
470.1281 1232.5000 3 M1069
570.0465 905.0000 3 M1084
994.6755 2068.8000 4 M1045
1461.7236 5805.0000 6 M920
509.3613 591.2000 4 M1095
1317.5905 2028.5000 3 M1047
1829.9932 2883.7000 4 M1019
3467.5254 3969.0000 6 M984
1528.2661 2848.9000 7 M1023
903.2897 3253.5000 2 M1010
1578.3140 3314.7000 3 M1008
1400.5674 4887.1000 2 M957
1455.5278 1676.3000 2 M1068
659.4498 1772.1000 4 M1066
1480.4679 1518.2000 2 M1075
2036.3934 2167.6000 3 M1054
1108.9114 597.3000 3 M1110
1648.4783 3650.1000 4 M1009
165.3271 2619.9000 2 M1044
549.8715 3624.7000 4 M1011
1564.6886 331.9000 3 M1125
49.3219 48.3000 1 M1135
553.8026 282.3000 2 M1130
680.3664 524.4000 2 M1122
601.4509 902.6000 4 M1109
1745.8307 4493.7000 3 M990
240.4573 764.7000 2 M1118
580.4876 91.6000 1 M1150
722.0213 4488.3000 3 M1006
286.5818 71.3000 3 M1155
479.6479 706.6000 5 M1143
629.3797 216.3000 2 M1163
1107.7620 2168.8000 2 M1097
2091.9088 690.5000 3 M1148
706.9652 4951.8000 4 M1005
274.1083 481.8000 4 M1157
282.2701 119.9000 2 M1170
1541.1272 2111.6000 4 M1102
1884.4526 2794.7000 3 M1080
652.8648 1018.3000 1 M1142
867.1306 2653.9000 3 M1088
1692.2987 549.6000 2 M1161
2389.8749 1264.9000 4 M1136
2176.6573 1210.2000 2 M1138
655.4043 2224.9000 3 M1106
979.3124 3937.1000 7 M1049
1523.2495 5338.9000 6 M1003
2333.5696 1874.4000 2 M1119
800.1040 2088.1000 3 M1112
106.7906 1511.1000 5 M1133
1105.5882 601.6000 3 M1165
1330.1328 2641.6000 3 M1098
922.0345 3557.4000 4 M1074
647.3764 6910.6000 5 M962
892.7164 3393.3000 3 M1081
2968.6238 5981.8000 4 M995
466.4356 9251.0000 7 M885
861.3491 4801.3000 3 M1035
603.7619 17202.6000 5 M618
835.2682 13648.9000 4 M738
897.8657 7790.2000 2 M935
690.1887 5027.4000 3 M1027
1062.0721 9282.7000 2 M884
2248.8574 6894.0000 8 M965
1004.4786 10294.3000 3 M849
1538.1928 9805.5000 4 M866
587.8551 2395.8000 3 M1115
172.7361 851.6000 2 M1172
1607.9434 437.6000 2 M1187
485.3371 661.5000 2 M1183
2187.5241 2370.1000 4 M1126
1647.2321 484.4000 2 M1191
177.6573 337.6000 4 M1197
2310.8387 1206.5000 3 M1171
134.4740 826.3000 2 M1185
933.2591 4097.0000 3 M1079
356.4164 767.8000 1 M1196
857.1803 3225.0000 3 M1114
1659.1598 4638.2000 3 M1067
1212.6776 3314.5000 2 M1111
1018.6085 1248.6000 2 M1182
1568.3888 3913.5000 4 M1092
898.6458 1347.8000 2 M1179
1323.8792 3451.8000 4 M1107
1281.9235 552.1000 1 M1206
646.2381 3185.4000 2 M1116
2601.1980 1897.1000 2 M1162
1205.2169 5350.2000 6 M1046
1411.4243 399.0000 1 M1214
875.3656 5087.1000 9 M1056
654.1403 1308.4000 5 M1184
1196.8444 2421.6000 2 M1146
1788.1645 850.8000 3 M1200
818.0653 149.9000 3 M1226
1219.1131 2680.6000 3 M1139
717.5354 2923.9000 2 M1131
791.0782 4684.3000 1 M1072
1515.5930 2426.7000 3 M1151
1264.7065 6105.9000 6 M1029
1294.9187 1099.5000 4 M1199
1397.1275 1448.9000 3 M1189
47.7639 6057.1000 2 M1033
1514.9869 9187.4000 7 M928
1934.1601 4547.9000 1 M1086
1727.0634 984.2000 5 M1207
326.2174 2701.9000 2 M1149
1256.6263 6382.7000 3 M1026
1014.2769 3173.7000 3 M1134
270.1634 152.7000 2 M1238
1531.2049 328.5000 3 M1234
427.8412 3553.9000 3 M1124
555.4109 156.2000 1 M1240
2229.1387 5227.6000 3 M1070
936.5463 2389.2000 4 M1167
991.8537 150.4000 2 M1245
2258.0589 1068.2000 3 M1215
1608.7792 4408.7000 4 M1101
1763.3876 3112.0000 4 M1145
1159.4946 2253.3000 2 M1175
420.9768 268.4000 2 M1243
1602.8344 949.0000 5 M1220
973.4119 679.3000 2 M1230
839.2379 1225.9000 6 M1211
935.5392 1524.1000 2 M1201
1069.9291 5771.2000 2 M1058
1258.6591 3288.5000 3 M1141
1176.5589 5674.8000 4 M1061
2137.0997 1201.6000 2 M1213
1483.5942 2988.7000 3 M1154
1418.1782 4628.5000 3 M1099
1173.6058 3946.9000 2 M1123
859.2120 2422.7000 4 M1176
322.8517 705.1000 4 M1235
1471.8144 1786.0000 5 M1198
794.4773 249.6000 1 M1252
1203.9870 336.9000 3 M1249
2274.9571 5463.2000 6 M1076
2405.2160 3921.5000 3 M1128
949.4563 1692.8000 4 M1204
2030.6256 2728.1000 4 M1169
808.6173 1550.3000 2 M1209
1283.5561 2035.8000 3 M1193
2116.8462 4941.7000 6 M1094
266.4327 918.9000 3 M1233
1657.8748 3717.0000 5 M1144
1716.4958 1456.2000 4 M1222
1712.1031 2858.5000 4 M1174
1999.2385 3291.7000 3 M1159
1192.5139 2551.9000 3 M1188
775.3914 437.4000 4 M1260
378.0031 2869.5000 5 M1181
866.2519 3035.4000 2 M1177
412.8239 3588.6000 3 M1158
431.7615 1634.9000 3 M1225
943.9591 7446.1000 3 M1032
994.9805 845.4000 2 M1255
2129.1546 16377.8000 3 M736
2230.7326 3812.2000 3 M1160
1424.7016 1749.2000 4 M1231
2467.0820 4478.5000 4 M1137
2205.6673 2627.8000 3 M1202
1788.5462 5950.0000 5 M1089
1603.0042 1566.9000 5 M1239
1349.9711 2928.8000 1 M1194
2122.8837 876.0000 4 M1266
2300.7268 9526.4000 9 M974
1217.8528 9070.7000 7 M989
331.1371 8002.0000 5 M1025
2558.9828 8692.3000 4 M1002
1443.6217 3077.6000 5 M1192
1410.0684 6967.8000 4 M1060
893.2906 6300.1000 3 M1082
3408.6980 10507.4000 4 M942
867.1136 12888.7000 3 M861
1888.7752 996.5000 4 M1264
110.0722 79.8000 2 M1295
1852.4709 731.2000 1 M1276
1103.8303 5418.4000 5 M1117
450.2477 1638.6000 2 M1246
1436.5350 4400.8000 3 M1152
1218.6160 1779.6000 3 M1244
1249.9014 1949.0000 3 M1241
257.4812 2004.7000 4 M1242
422.1224 767.0000 2 M1284
873.9501 1016.7000 3 M1277
1179.6400 5858.9000 7 M1113
1441.2020 3060.6000 3 M1210
210.8969 739.8000 4 M1290
929.5114 2906.5000 5 M1217
2708.3979 5449.3000 4 M1132
1890.3863 4555.5000 3 M1164
1769.8875 4889.8000 5 M1153
714.2788 6321.0000 5 M1105
804.2730 2892.2000 1 M1224
813.2995 3454.1000 4 M1205
348.2430 199.3000 1 M1316
570.4620 148.0000 2 M1318
2206.8258 1660.9000 4 M1267
681.4165 1648.5000 2 M1268
1803.4373 4113.3000 8 M1186
1321.6154 5828.5000 2 M1127
656.9234 9637.8000 8 M999
2942.2960 4639.3000 4 M1168
1701.2590 567.5000 3 M1306
1595.6501 5284.5000 7 M1147
1790.7706 1649.7000 4 M1271
646.5722 559.2000 5 M1311
681.2336 142.1000 1 M1326
1529.4936 569.5000 2 M1312
1441.6308 1351.6000 2 M1286
866.5279 6234.0000 2 M1120
1055.6572 3152.6000 2 M1232
956.2752 2597.7000 4 M1253
1347.4124 3332.9000 10 M1229
599.2677 434.2000 2 M1327
1611.2249 4750.4000 2 M1180
594.1398 4474.6000 4 M1190
1394.5112 3554.8000 7 M1221
856.3388 1770.3000 4 M1281
370.9347 8208.4000 6 M1064
997.2935 848.6000 3 M1315
611.5761 772.9000 1 M1320
2080.3339 2610.1000 4 M1258
239.6063 391.8000 4 M1335
1566.7311 560.7000 3 M1330
548.5827 544.2000 1 M1334
1049.7907 2239.5000 5 M1280
295.5197 412.2000 1 M1346
3029.9276 2434.6000 3 M1279
780.2647 6107.0000 3 M1156
1476.7413 2953.5000 7 M1265
1375.1897 573.6000 2 M1347
1008.3938 173.1000 3 M1362
1227.2165 111.4000 2 M1364
942.8110 2145.3000 4 M1294
1546.1002 1086.8000 3 M1333
1398.9904 157.2000 2 M1366
1328.1311 1062.5000 3 M1337
641.9471 3435.6000 3 M1256
1398.5882 5003.9000 1 M1203
1514.0987 772.9000 2 M1348
2863.2504 1195.8000 2 M1336
1559.8680 4128.1000 3 M1236
1675.6307 3333.2000 3 M1269
1000.7588 1782.5000 3 M1322
1052.3765 3539.8000 4 M1262
1670.6515 3543.0000 3 M1263
1553.1890 359.1000 2 M1374
802.7051 4975.8000 6 M1219
1049.0988 3897.0000 5 M1257
1539.8229 3462.3000 7 M1272
989.3128 1235.0000 1 M1349
2162.4861 5287.3000 4 M1212
227.2741 139.0000 2 M1389
323.8561 2770.1000 2 M1299
794.8816 3244.4000 4 M1283
129.8766 2741.7000 4 M1300
319.7694 685.9000 5 M1371
1632.9000 1265.1000 1 M1352
1256.9564 2478.0000 4 M1310
1786.5163 2986.2000 5 M1293
1364.0350 1340.4000 3 M1350
1685.1082 983.0000 4 M1363
1677.6647 490.1000 4 M1384
1638.2760 1759.9000 1 M1344
1413.2960 567.5000 2 M1385
839.3005 2507.7000 4 M1323
1362.0395 3158.7000 2 M1301
804.8392 192.0000 1 M1404
1882.6511 4438.6000 3 M1259
2854.1628 6336.9000 4 M1195
947.1798 4585.2000 3 M1254
1090.7665 5474.4000 3 M1228
703.9457 4067.7000 3 M1275
1096.6223 4860.3000 4 M1250
562.3955 2793.4000 4 M1321
2254.4722 1272.7000 3 M1373
1795.1855 462.0000 3 M1406
1682.7476 879.0000 1 M1392
965.7834 2025.2000 5 M1355
831.0305 2522.2000 2 M1338
286.4722 294.8000 3 M1417
1762.6472 926.1000 5 M1398
1966.0492 5968.5000 4 M1227
916.4769 3959.2000 2 M1296
1219.2683 2668.5000 3 M1341
670.8135 4230.7000 10 M1287
1651.3705 4442.3000 1 M1282
1492.0372 3366.6000 4 M1319
611.8594 9647.3000 3 M1108
218.7726 1471.9000 2 M1387
1355.6817 11450.5000 1 M1048
1231.8651 2260.8000 4 M1361
713.3315 138.9000 2 M1434
3503.7944 1905.7000 2 M1375
1262.9524 1286.9000 3 M1396
856.2920 627.2000 4 M1419
1715.0728 3223.2000 6 M1331
1080.0457 908.8000 2 M1412
1569.2595 798.5000 4 M1416
754.3666 219.7000 1 M1436
945.1458 9956.8000 3 M1104
237.0257 2220.0000 4 M1368
3573.8365 2663.5000 5 M1354
250.2623 356.7000 3 M1432
2112.8943 4483.9000 5 M1292
2446.1212 4176.8000 2 M1303
81.3414 75.8000 1 M1443
852.5812 4153.9000 2 M1304
953.8009 6747.2000 1 M1216
2618.8376 998.5000 5 M1413
996.1631 5752.7000 8 M1251
1628.7777 2021.4000 2 M1379
759.2906 4376.6000 4 M1298
2906.0725 2293.8000 3 M1370
1959.9294 1332.3000 6 M1403
455.1277 727.8000 3 M1425
2332.9032 5536.0000 6 M1261
2710.8650 3329.2000 1 M1340
946.9225 2595.4000 3 M1365
337.7769 208.8000 1 M1447
1021.9391 893.5000 3 M1426
0.0000 0.3000 1 M1457
1258.0451 3689.7000 4 M1332
444.5423 370.6000 2 M1446
289.0566 2195.1000 3 M1386
869.2447 -1.0000 -1 M1415
940.6820 -1.0000 -1 M1418
2454.5877 -1.0000 -1 M1378
1218.3149 -1.0000 -1 M1411
652.3081 -1.0000 -1 M1414
1687.5105 -1.0000 -1 M555
2532.5283 -1.0000 -1 M715
861.3491 -1.0000 -1 M1091
745.9272 -1.0000 -1 M1376
1644.3817 -1.0000 -1 M1377
1568.9143 -1.0000 -1 M1410
984.5256 -1.0000 -1 M1372
1353.4109 -1.0000 -1 M1305
710.7392 -1.0000 -1 M1427
1038.4790 -1.0000 -1 M1307
417.0273 -1.0000 -1 M1428
1418.9083 -1.0000 -1 M1308
343.5539 -1.0000 -1 M1429
804.1658 -1.0000 -1 M1422
1355.9743 -1.0000 -1 M1302
661.3907 -1.0000 -1 M1423
967.8717 -1.0000 -1 M1424
481.7919 -1.0000 -1 M144
484.2905 -1.0000 -1 M668
861.3491 -1.0000 -1 M303
3054.6767 -1.0000 -1 M11
922.0455 -1.0000 -1 M1309
1303.4929 -1.0000 -1 M1380
718.6808 -1.0000 -1 M1420
959.3835 -1.0000 -1 M1388
951.3572 -1.0000 -1 M1421
1250.1578 -1.0000 -1 M271
1251.7199 -1.0000 -1 M1381
1004.4786 -1.0000 -1 M1140
648.4118 -1.0000 -1 M1382
1206.2201 -1.0000 -1 M1383
1778.0257 -1.0000 -1 M294
897.8657 -1.0000 -1 M697
1210.2623 -1.0000 -1 M1356
2257.8693 -1.0000 -1 M1357
1552.5136 -1.0000 -1 M1237
1154.8002 -1.0000 -1 M1358
1053.8261 -1.0000 -1 M1359
2186.5657 -1.0000 -1 M218
1603.5881 -1.0000 -1 M1353
2045.9649 -1.0000 -1 M180
2361.4747 -1.0000 -1 M1351
141.1236 -1.0000 -1 M682
1975.7061 -1.0000 -1 M1129
1805.4040 -1.0000 -1 M1405
1828.8471 -1.0000 -1 M1407
1581.8230 -1.0000 -1 M1367
321.2696 -1.0000 -1 M1400
2077.5760 -1.0000 -1 M289
1772.0391 -1.0000 -1 M1247
1583.3465 -1.0000 -1 M1401
1128.7359 -1.0000 -1 M1248
105.0438 -1.0000 -1 M1369
661.3611 -1.0000 -1 M1402
567.3616 -1.0000 -1 M1408
1416.4606 -1.0000 -1 M1409
1676.0677 -1.0000 -1 M1121
1966.0826 -1.0000 -1 M1001
837.5101 -1.0000 -1 M1360
1380.6619 -1.0000 -1 M291
965.0425 -1.0000 -1 M1459
1915.7435 -1.0000 -1 M1218
1578.6623 -1.0000 -1 M1339
1968.6260 -1.0000 -1 M356
1651.8300 -1.0000 -1 M1455
611.8600 -1.0000 -1 M1456
396.9183 -1.0000 -1 M1458
912.5257 -1.0000 -1 M518
821.0180 -1.0000 -1 M1291
1032.8204 -1.0000 -1 M1297
492.1707 -1.0000 -1 M1451
1947.5529 -1.0000 -1 M1452
703.9593 -1.0000 -1 M1178
1707.0005 -1.0000 -1 M1453
818.8575 -1.0000 -1 M1454
469.3169 -1.0000 -1 M1173
1524.2264 -1.0000 -1 M1053
648.4076 -1.0000 -1 M1450
1047.1351 -1.0000 -1 M581
983.3859 -1.0000 -1 M620
357.8750 -1.0000 -1 M1103
900.0915 -1.0000 -1 M1345
748.7563 -1.0000 -1 M740
1022.1013 -1.0000 -1 M867
638.6494 -1.0000 -1 M1342
1354.6791 -1.0000 -1 M1343
1356.8958 -1.0000 -1 M1223
1548.0499 -1.0000 -1 M1460
1136.7866 -1.0000 -1 M1437
2103.7537 -1.0000 -1 M1317
316.5686 -1.0000 -1 M1438
999.3382 -1.0000 -1 M1439
415.2041 -1.0000 -1 M1433
2797.6613 -1.0000 -1 M1313
738.3460 -1.0000 -1 M1314
1277.0252 -1.0000 -1 M1435
1728.8975 -1.0000 -1 M138
672.2741 -1.0000 -1 M934
700.0537 -1.0000 -1 M939
689.9154 -1.0000 -1 M1390
2431.6316 -1.0000 -1 M1270
958.2404 -1.0000 -1 M1391
817.8992 -1.0000 -1 M1397
1665.5468 -1.0000 -1 M1430
2954.3993 -1.0000 -1 M1431
2271.0320 -1.0000 -1 M1278
698.7559 -1.0000 -1 M1399
1474.4301 -1.0000 -1 M1393
1611.6345 -1.0000 -1 M1273
302.3828 -1.0000 -1 M1394
2423.2016 -1.0000 -1 M1274
1037.9622 -1.0000 -1 M1395
446.1279 -1.0000 -1 M1448
907.6503 -1.0000 -1 M1328
544.4434 -1.0000 -1 M1449
111.2203 -1.0000 -1 M1208
902.4735 -1.0000 -1 M1329
2259.2409 -1.0000 -1 M1444
2572.4332 -1.0000 -1 M1324
166.0130 -1.0000 -1 M1445
1682.0085 -1.0000 -1 M761
407.8023 -1.0000 -1 M1325
1204.0331 -1.0000 -1 M364
970.4235 -1.0000 -1 M249
2197.9648 -1.0000 -1 M765
2351.3169 -1.0000 -1 M808
1596.1997 -1.0000 -1 M1440
728.5059 -1.0000 -1 M1166
845.9131 -1.0000 -1 M1441
1837.4488 -1.0000 -1 M1288
863.6328 -1.0000 -1 M1442
1274.1653 -1.0000 -1 M1289
933.4153 -1.0000 -1 M1285
